1000000000 1 3.14160800000000000000 34.48253375000000000000
2000000000 1 3.14160100000000000000 68.87985350000000000000
3000000000 1 3.14158800000000000000 103.31166925000000000000
4000000000 1 3.14159500000000000000 137.79354200000000000000
5000000000 1 3.14158600000000000000 172.34504600000000000000
6000000000 1 3.14159300000000000000 206.65397600000000000000
7000000000 1 3.14158900000000000000 241.52709025000000000000
8000000000 1 3.14159400000000000000 275.50330150000000000000
9000000000 1 3.14159200000000000000 309.96022025000000000000
10000000000 1 3.14159500000000000000 344.37372825000000000000
#
1000000000 2 3.14163100000000000000 17.79131350000000000000
2000000000 2 3.14162600000000000000 35.58090925000000000000
3000000000 2 3.14161400000000000000 53.35703250000000000000
4000000000 2 3.14160500000000000000 71.16641775000000000000
5000000000 2 3.14160000000000000000 88.99954700000000000000
6000000000 2 3.14160100000000000000 106.77915400000000000000
7000000000 2 3.14160500000000000000 125.08552525000000000000
8000000000 2 3.14160000000000000000 142.49986300000000000000
9000000000 2 3.14159800000000000000 160.87477075000000000000
10000000000 2 3.14159800000000000000 177.85422125000000000000
#
1000000000 4 3.14165000000000000000 9.50042000000000000000
2000000000 4 3.14158800000000000000 18.83587250000000000000
3000000000 4 3.14158900000000000000 28.21093600000000000000
4000000000 4 3.14159800000000000000 37.65692825000000000000
5000000000 4 3.14161000000000000000 46.97499925000000000000
6000000000 4 3.14159700000000000000 56.32281850000000000000
7000000000 4 3.14159800000000000000 65.71863575000000000000
8000000000 4 3.14159700000000000000 75.06031125000000000000
9000000000 4 3.14160000000000000000 84.42522500000000000000
10000000000 4 3.14159500000000000000 93.81568775000000000000
#
1000000000 8 3.14163900000000000000 9.47323525000000000000
2000000000 8 3.14161700000000000000 18.85325000000000000000
3000000000 8 3.14159000000000000000 28.19296075000000000000
4000000000 8 3.14158900000000000000 37.57350800000000000000
5000000000 8 3.14158500000000000000 46.97287375000000000000
6000000000 8 3.14158100000000000000 56.32091200000000000000
7000000000 8 3.14158500000000000000 65.75469400000000000000
8000000000 8 3.14159100000000000000 75.04139300000000000000
9000000000 8 3.14159900000000000000 84.42252800000000000000
10000000000 8 3.14160500000000000000 93.78400175000000000000
#
1000000000 16 3.14161000000000000000 9.44863825000000000000
2000000000 16 3.14161100000000000000 18.86736025000000000000
3000000000 16 3.14157600000000000000 28.20353625000000000000
4000000000 16 3.14158500000000000000 37.55880375000000000000
5000000000 16 3.14157900000000000000 46.90272150000000000000
6000000000 16 3.14158400000000000000 56.27722375000000000000
7000000000 16 3.14158700000000000000 65.63208850000000000000
8000000000 16 3.14158800000000000000 75.04905625000000000000
9000000000 16 3.14159400000000000000 84.44226550000000000000
10000000000 16 3.14158700000000000000 93.92350750000000000000
#
