100000000 1 3.14195200000000000000 3.46732050000000000000
200000000 1 3.14173500000000000000 6.87923600000000000000
300000000 1 3.14163000000000000000 10.30395975000000000000
400000000 1 3.14157200000000000000 13.73225200000000000000
500000000 1 3.14154600000000000000 17.15425900000000000000
600000000 1 3.14152300000000000000 20.58868900000000000000
700000000 1 3.14154700000000000000 23.97603275000000000000
800000000 1 3.14156200000000000000 27.41181450000000000000
900000000 1 3.14158000000000000000 30.84556100000000000000
1000000000 1 3.14160800000000000000 34.25993275000000000000
#
100000000 2 3.14185500000000000000 1.80184000000000000000
200000000 2 3.14181300000000000000 3.55178150000000000000
300000000 2 3.14176400000000000000 5.33395650000000000000
400000000 2 3.14171200000000000000 7.10510600000000000000
500000000 2 3.14167800000000000000 8.86856400000000000000
600000000 2 3.14166200000000000000 10.63926425000000000000
700000000 2 3.14164900000000000000 12.40667250000000000000
800000000 2 3.14165100000000000000 14.16807400000000000000
900000000 2 3.14165500000000000000 15.93719400000000000000
1000000000 2 3.14163100000000000000 17.70783450000000000000
#
100000000 4 3.14177100000000000000 1.00643575000000000000
200000000 4 3.14171300000000000000 1.97339450000000000000
300000000 4 3.14175700000000000000 2.88340800000000000000
400000000 4 3.14173600000000000000 3.81581000000000000000
500000000 4 3.14169100000000000000 4.75083625000000000000
600000000 4 3.14168400000000000000 5.69166925000000000000
700000000 4 3.14165800000000000000 6.61588000000000000000
800000000 4 3.14165000000000000000 7.57277900000000000000
900000000 4 3.14163300000000000000 8.48611775000000000000
1000000000 4 3.14165000000000000000 9.40894375000000000000
#
100000000 8 3.14174800000000000000 1.04505875000000000000
200000000 8 3.14167800000000000000 1.98105050000000000000
300000000 8 3.14158000000000000000 2.94862750000000000000
400000000 8 3.14163500000000000000 3.84039375000000000000
500000000 8 3.14167600000000000000 4.78305750000000000000
600000000 8 3.14170100000000000000 5.70612625000000000000
700000000 8 3.14168600000000000000 6.61818150000000000000
800000000 8 3.14165800000000000000 7.57077500000000000000
900000000 8 3.14166500000000000000 8.48887025000000000000
1000000000 8 3.14163900000000000000 9.41254425000000000000
#
100000000 16 3.14172600000000000000 1.00989900000000000000
200000000 16 3.14161800000000000000 1.91569300000000000000
300000000 16 3.14158500000000000000 2.88069725000000000000
400000000 16 3.14162000000000000000 3.78212950000000000000
500000000 16 3.14158500000000000000 4.72583525000000000000
600000000 16 3.14155900000000000000 5.67387350000000000000
700000000 16 3.14159200000000000000 6.60202525000000000000
800000000 16 3.14159000000000000000 7.53124575000000000000
900000000 16 3.14159700000000000000 8.46745875000000000000
1000000000 16 3.14161000000000000000 9.36566375000000000000
#
