1000000000 2 3.14159700000000000000 15.44005850000000000000 3.14163100000000000000 15.33139425000000000000
2000000000 2 3.14158200000000000000 30.85268450000000000000 3.14162600000000000000 30.64310450000000000000
3000000000 2 3.14159300000000000000 46.23434750000000000000 3.14161400000000000000 45.94201950000000000000
4000000000 2 3.14159100000000000000 61.64317050000000000000 3.14160500000000000000 61.23870725000000000000
5000000000 2 3.14159600000000000000 77.06407500000000000000 3.14160000000000000000 76.55097375000000000000
6000000000 2 3.14159400000000000000 92.48458550000000000000 3.14160100000000000000 91.89124350000000000000
7000000000 2 3.14159100000000000000 107.86077300000000000000 3.14160500000000000000 107.20493500000000000000
8000000000 2 3.14159200000000000000 123.24553700000000000000 3.14160000000000000000 122.50940275000000000000
9000000000 2 3.14159700000000000000 138.68368875000000000000 3.14159800000000000000 137.81717925000000000000
10000000000 2 3.14159400000000000000 154.08678225000000000000 3.14159800000000000000 153.25875800000000000000
#
1000000000 4 3.14166700000000000000 8.14777200000000000000 3.14165000000000000000 8.10396900000000000000
2000000000 4 3.14157700000000000000 16.25384675000000000000 3.14158800000000000000 16.17493900000000000000
3000000000 4 3.14159100000000000000 24.37318975000000000000 3.14158900000000000000 24.21073975000000000000
4000000000 4 3.14159300000000000000 32.47435925000000000000 3.14159800000000000000 32.31070550000000000000
5000000000 4 3.14159700000000000000 40.66248325000000000000 3.14161000000000000000 40.43228050000000000000
6000000000 4 3.14159200000000000000 48.81389300000000000000 3.14159700000000000000 48.56362275000000000000
7000000000 4 3.14159000000000000000 56.89924550000000000000 3.14159800000000000000 56.59202975000000000000
8000000000 4 3.14158700000000000000 65.18816550000000000000 3.14159700000000000000 64.87730075000000000000
9000000000 4 3.14159900000000000000 73.53764325000000000000 3.14160000000000000000 73.10220925000000000000
10000000000 4 3.14159500000000000000 81.66997225000000000000 3.14159500000000000000 81.17459700000000000000
#
1000000000 6 3.14165100000000000000 8.65606225000000000000 3.14158400000000000000 8.62439875000000000000
2000000000 6 3.14163600000000000000 16.88844250000000000000 3.14161000000000000000 17.41982850000000000000
3000000000 6 3.14159000000000000000 25.36775150000000000000 3.14158700000000000000 26.04391700000000000000
4000000000 6 3.14159700000000000000 33.43418625000000000000 3.14159400000000000000 33.51160975000000000000
5000000000 6 3.14159800000000000000 41.99583075000000000000 3.14159100000000000000 41.45797925000000000000
6000000000 6 3.14159200000000000000 49.73987175000000000000 3.14159500000000000000 50.59232450000000000000
7000000000 6 3.14159100000000000000 57.91930875000000000000 3.14160600000000000000 58.61390400000000000000
8000000000 6 3.14159600000000000000 66.53064075000000000000 3.14161000000000000000 70.14029875000000000000
9000000000 6 3.14159200000000000000 74.77851400000000000000 3.14160200000000000000 76.41143650000000000000
10000000000 6 3.14159100000000000000 83.77593300000000000000 3.14159500000000000000 85.94926950000000000000
#
1000000000 8 3.14170200000000000000 8.13594050000000000000 3.14163900000000000000 8.08559275000000000000
2000000000 8 3.14167500000000000000 16.26251575000000000000 3.14161700000000000000 16.17042425000000000000
3000000000 8 3.14163000000000000000 24.38102500000000000000 3.14159000000000000000 24.20437450000000000000
4000000000 8 3.14161000000000000000 32.46940425000000000000 3.14158900000000000000 32.26629100000000000000
5000000000 8 3.14160600000000000000 40.61286675000000000000 3.14158500000000000000 40.36071425000000000000
6000000000 8 3.14160100000000000000 48.72151025000000000000 3.14158100000000000000 48.46862275000000000000
7000000000 8 3.14160200000000000000 56.89325875000000000000 3.14158500000000000000 56.56086025000000000000
8000000000 8 3.14159700000000000000 65.05362350000000000000 3.14159100000000000000 64.65235975000000000000
9000000000 8 3.14159400000000000000 73.19058275000000000000 3.14159900000000000000 72.70858450000000000000
10000000000 8 3.14159700000000000000 81.29863950000000000000 3.14160500000000000000 80.80542375000000000000
#
