1000000 1 3.14114000000000000000 0.03592575000000000000
2000000 1 3.14216800000000000000 0.07188550000000000000
3000000 1 3.14220300000000000000 0.10693925000000000000
4000000 1 3.14233600000000000000 0.14234100000000000000
5000000 1 3.14273400000000000000 0.17789150000000000000
6000000 1 3.14256600000000000000 0.21337200000000000000
7000000 1 3.14244700000000000000 0.24887825000000000000
8000000 1 3.14252300000000000000 0.28466875000000000000
9000000 1 3.14260100000000000000 0.31954125000000000000
10000000 1 3.14284900000000000000 0.35503375000000000000
#
1000000 2 3.14082400000000000000 0.01845550000000000000
2000000 2 3.14078400000000000000 0.03678550000000000000
3000000 2 3.14180100000000000000 0.05511925000000000000
