100 3.04000000000000000000 0.00000400000000000000
200 3.00000000000000000000 0.00000750000000000000
300 2.98666700000000000000 0.00001150000000000000
400 3.10000000000000000000 0.00001550000000000000
500 3.09600000000000000000 0.00001950000000000000
600 3.10666700000000000000 0.00002075000000000000
700 3.09142900000000000000 0.00002375000000000000
800 3.05000000000000000000 0.00002850000000000000
900 3.07111100000000000000 0.00002800000000000000
1000 3.08000000000000000000 0.00003375000000000000
#
1000 2 3.08000000000000000000 0.00003750000000000000
2000 2 3.09400000000000000000 0.00006725000000000000
3000 2 3.13333300000000000000 0.00012250000000000000
4000 2 3.14200000000000000000 0.00014825000000000000
5000 2 3.14960000000000000000 0.00016475000000000000
6000 2 3.14066700000000000000 0.00019750000000000000
7000 2 3.14342900000000000000 0.00027225000000000000
8000 2 3.14200000000000000000 0.00024675000000000000
9000 2 3.14133300000000000000 0.00035525000000000000
10000 2 3.13480000000000000000 0.00036175000000000000
#
