100000000 2 3.14188200000000000000 1.55262000000000000000 3.14185500000000000000 1.53981375000000000000
200000000 2 3.14178400000000000000 3.09494375000000000000 3.14181300000000000000 3.06887200000000000000
300000000 2 3.14177400000000000000 4.63859175000000000000 3.14176400000000000000 4.60704025000000000000
400000000 2 3.14169100000000000000 6.18147875000000000000 3.14171200000000000000 6.12944300000000000000
500000000 2 3.14170300000000000000 7.73150050000000000000 3.14167800000000000000 7.65908475000000000000
600000000 2 3.14166200000000000000 9.26727900000000000000 3.14166200000000000000 9.18818700000000000000
700000000 2 3.14162000000000000000 10.80573650000000000000 3.14164900000000000000 10.72172000000000000000
800000000 2 3.14160600000000000000 12.34853050000000000000 3.14165100000000000000 12.25912400000000000000
900000000 2 3.14160700000000000000 13.88801250000000000000 3.14165500000000000000 13.80420175000000000000
1000000000 2 3.14159700000000000000 15.41961000000000000000 3.14163100000000000000 15.32571575000000000000
#
100000000 4 3.14173200000000000000 0.81890225000000000000 3.14177100000000000000 0.81618175000000000000
200000000 4 3.14184400000000000000 1.63227200000000000000 3.14171300000000000000 1.61858275000000000000
300000000 4 3.14184800000000000000 2.44788825000000000000 3.14175700000000000000 2.42268000000000000000
400000000 4 3.14172600000000000000 3.25441850000000000000 3.14173600000000000000 3.23972625000000000000
500000000 4 3.14171900000000000000 4.08363850000000000000 3.14169100000000000000 4.04019375000000000000
600000000 4 3.14171200000000000000 4.87687650000000000000 3.14168400000000000000 4.85045050000000000000
700000000 4 3.14167600000000000000 5.72231150000000000000 3.14165800000000000000 5.64992050000000000000
800000000 4 3.14165700000000000000 6.50262500000000000000 3.14165000000000000000 6.45441875000000000000
900000000 4 3.14165000000000000000 7.31217150000000000000 3.14163300000000000000 7.26902875000000000000
1000000000 4 3.14166700000000000000 8.13026400000000000000 3.14165000000000000000 8.07489450000000000000
#
100000000 6 3.14168400000000000000 0.90115425000000000000 3.14167000000000000000 0.87669275000000000000
200000000 6 3.14162700000000000000 1.75295875000000000000 3.14155400000000000000 1.73669100000000000000
300000000 6 3.14176800000000000000 2.60119075000000000000 3.14159100000000000000 2.57367325000000000000
400000000 6 3.14178900000000000000 3.43547975000000000000 3.14163500000000000000 3.47453025000000000000
500000000 6 3.14174900000000000000 4.31843500000000000000 3.14164500000000000000 4.31921750000000000000
600000000 6 3.14169600000000000000 5.25427400000000000000 3.14164400000000000000 5.30356375000000000000
700000000 6 3.14169600000000000000 6.18137100000000000000 3.14164800000000000000 6.10363125000000000000
800000000 6 3.14169100000000000000 6.89073875000000000000 3.14162200000000000000 6.80331425000000000000
900000000 6 3.14169300000000000000 7.82654450000000000000 3.14160600000000000000 7.83171875000000000000
1000000000 6 3.14165100000000000000 8.36329475000000000000 3.14158400000000000000 8.66060700000000000000
#
100000000 8 3.14173300000000000000 0.82328050000000000000 3.14174800000000000000 0.81548250000000000000
200000000 8 3.14174300000000000000 1.65295750000000000000 3.14167800000000000000 1.61836375000000000000
300000000 8 3.14168500000000000000 2.46267600000000000000 3.14158000000000000000 2.43334750000000000000
400000000 8 3.14176800000000000000 3.26659450000000000000 3.14163500000000000000 3.24373425000000000000
500000000 8 3.14175700000000000000 4.08239550000000000000 3.14167600000000000000 4.04966475000000000000
600000000 8 3.14180600000000000000 4.89833050000000000000 3.14170100000000000000 4.85869575000000000000
700000000 8 3.14176300000000000000 5.71887275000000000000 3.14168600000000000000 5.66073475000000000000
800000000 8 3.14171400000000000000 6.54701700000000000000 3.14165800000000000000 6.47379925000000000000
900000000 8 3.14171800000000000000 7.32342500000000000000 3.14166500000000000000 7.28095100000000000000
1000000000 8 3.14170200000000000000 8.15615200000000000000 3.14163900000000000000 8.09275350000000000000
#
