1000000000 2 3.141587 42.426808 3.141577 22.099974
2000000000 2 3.141554 84.689065 3.141591 44.117307
3000000000 2 3.141575 126.981132 3.141599 66.170184
4000000000 2 3.141588 170.510664 3.141577 88.244087
5000000000 2 3.141584 215.022513 3.141584 110.288829
6000000000 2 3.141589 253.815354 3.141584 132.181847
7000000000 2 3.141588 296.289594 3.141570 154.394699
8000000000 2 3.141583 338.657624 3.141586 176.213241
9000000000 2 3.141590 381.007928 3.141594 198.578181
10000000000 2 3.141592 423.508105 3.141589 220.262492
#
1000000000 4 3.141587 42.426808 3.141590 15.309861
2000000000 4 3.141554 84.689065 3.141580 30.674012
3000000000 4 3.141575 126.981132 3.141579 45.487044
4000000000 4 3.141588 170.510664 3.141586 67.537215
5000000000 4 3.141584 215.022513 3.141599 75.223745
6000000000 4 3.141589 253.815354 3.141611 92.361555
7000000000 4 3.141588 296.289594 3.141602 105.686387
8000000000 4 3.141583 338.657624 3.141592 120.591768
9000000000 4 3.141590 381.007928 3.141585 135.619985
10000000000 4 3.141592 423.508105 3.141589 150.381431
#
1000000000 6 3.141587 42.426808 3.141575 15.003824
2000000000 6 3.141554 84.689065 3.141592 29.954620
3000000000 6 3.141575 126.981132 3.141567 44.916245
4000000000 6 3.141588 170.510664 3.141557 59.946518
5000000000 6 3.141584 215.022513 3.141562 74.888033
6000000000 6 3.141589 253.815354 3.141563 89.839710
7000000000 6 3.141588 296.289594 3.141583 104.878240
8000000000 6 3.141583 338.657624 3.141593 119.851389
9000000000 6 3.141590 381.007928 3.141608 134.805824
10000000000 6 3.141592 423.508105 3.141601 149.908310
#
1000000000 8 3.141587 42.426808 3.141501 15.045829
2000000000 8 3.141554 84.689065 3.141554 30.175699
3000000000 8 3.141575 126.981132 3.141563 45.024730
4000000000 8 3.141588 170.510664 3.141564 60.331783
5000000000 8 3.141584 215.022513 3.141559 75.504263
6000000000 8 3.141589 253.815354 3.141566 90.711604
7000000000 8 3.141588 296.289594 3.141579 105.134156
8000000000 8 3.141583 338.657624 3.141579 120.905396
9000000000 8 3.141590 381.007928 3.141594 135.600911
10000000000 8 3.141592 423.508105 3.141600 150.806640
#
