1000000 2 3.142696 0.033651 3.145324 0.018711
2000000 2 3.141348 0.068322 3.143296 0.035705
3000000 2 3.142357 0.106782 3.143057 0.054342
4000000 2 3.142650 0.139067 3.141758 0.068425
5000000 2 3.141992 0.175525 3.142198 0.091075
6000000 2 3.142092 0.213812 3.142186 0.116216
7000000 2 3.142103 0.246594 3.142125 0.131537
8000000 2 3.141840 0.269413 3.142263 0.148222
9000000 2 3.141867 0.301620 3.142668 0.152922
10000000 2 3.141914 0.337949 3.142193 0.183358
#
1000000 4 3.142696 0.034677 3.142380 0.010300
2000000 4 3.141348 0.072094 3.143498 0.021997
3000000 4 3.142357 0.106328 3.143024 0.030191
4000000 4 3.142650 0.136973 3.143090 0.039336
5000000 4 3.141992 0.171165 3.142848 0.054139
6000000 4 3.142092 0.203060 3.142811 0.055992
7000000 4 3.142103 0.236779 3.142642 0.067585
8000000 4 3.141840 0.269939 3.142241 0.084768
9000000 4 3.141867 0.304239 3.142502 0.088590
10000000 4 3.141914 0.344943 3.142349 0.100826
#
1000000 6 3.142696 0.034068 3.140088 0.007577
2000000 6 3.141348 0.067846 3.142066 0.015394
3000000 6 3.142357 0.103836 3.142519 0.024433
4000000 6 3.142650 0.135504 3.141902 0.029811
5000000 6 3.141992 0.169698 3.142882 0.037546
6000000 6 3.142092 0.206657 3.142387 0.044851
7000000 6 3.142103 0.244375 3.142539 0.052703
8000000 6 3.141840 0.269683 3.142408 0.059842
9000000 6 3.141867 0.308307 3.142448 0.068387
10000000 6 3.141914 0.333250 3.142296 0.075126
#
1000000 8 3.142696 0.034634 3.139268 0.006440
2000000 8 3.141348 0.069699 3.140540 0.012852
3000000 8 3.142357 0.102227 3.142013 0.017611
4000000 8 3.142650 0.141096 3.142389 0.024669
5000000 8 3.141992 0.170572 3.142423 0.029302
6000000 8 3.142092 0.206091 3.142379 0.034809
7000000 8 3.142103 0.239151 3.142838 0.040531
8000000 8 3.141840 0.281696 3.142300 0.047781
9000000 8 3.141867 0.305605 3.142240 0.053387
10000000 8 3.141914 0.337096 3.142194 0.058905
#
