100000000 2 3.141474 4.124605 3.141628 2.118032
200000000 2 3.141467 8.194745 3.141648 4.224554
300000000 2 3.141497 12.289088 3.141546 6.334786
400000000 2 3.141500 16.365291 3.141601 8.447862
500000000 2 3.141535 20.472474 3.141629 10.559220
600000000 2 3.141536 24.556369 3.141627 12.674580
700000000 2 3.141526 28.653337 3.141589 14.786287
800000000 2 3.141568 32.729890 3.141574 16.913354
900000000 2 3.141561 36.853565 3.141590 19.004116
1000000000 2 3.141587 40.890905 3.141577 21.114032
#
100000000 4 3.141474 4.097276 3.141644 1.118747
200000000 4 3.141467 8.188734 3.141540 2.228544
300000000 4 3.141497 12.290151 3.141589 3.352638
400000000 4 3.141500 16.395067 3.141550 4.463719
500000000 4 3.141535 20.452505 3.141515 5.569781
600000000 4 3.141536 24.560835 3.141527 6.687435
700000000 4 3.141526 28.662092 3.141565 7.792895
800000000 4 3.141568 32.815999 3.141597 9.068783
900000000 4 3.141561 36.975315 3.141620 10.027478
1000000000 4 3.141587 40.997859 3.141590 11.145773
#
100000000 6 3.141474 4.112752 3.141799 1.202450
200000000 6 3.141467 8.198832 3.141650 2.345439
300000000 6 3.141497 12.284319 3.141592 3.563628
400000000 6 3.141500 16.374501 3.141598 4.829258
500000000 6 3.141535 20.453667 3.141571 5.927413
600000000 6 3.141536 24.579767 3.141582 7.056690
700000000 6 3.141526 28.660908 3.141557 8.275618
800000000 6 3.141568 32.747141 3.141540 9.426218
900000000 6 3.141561 36.901819 3.141538 10.869190
1000000000 6 3.141587 40.961410 3.141575 12.078445
#
100000000 8 3.141474 4.095282 3.141632 1.123645
200000000 8 3.141467 8.220707 3.141539 2.237760
300000000 8 3.141497 12.309713 3.141513 3.361655
400000000 8 3.141500 16.419139 3.141559 4.466759
500000000 8 3.141535 20.512793 3.141557 5.580244
600000000 8 3.141536 24.600597 3.141625 6.689588
700000000 8 3.141526 28.722761 3.141589 7.821064
800000000 8 3.141568 32.827055 3.141549 8.920788
900000000 8 3.141561 36.889448 3.141529 10.013628
1000000000 8 3.141587 40.959947 3.141501 11.134924
#
