1000000000 2 3.141587 42.426808 3.141577 21.815848
2000000000 2 3.141554 84.689065 3.141591 43.603496
3000000000 2 3.141575 126.981132 3.141599 65.403616
4000000000 2 3.141588 170.510664 3.141577 87.407845
5000000000 2 3.141584 215.022513 3.141584 109.934508
6000000000 2 3.141589 253.815354 3.141584 130.791029
7000000000 2 3.141588 296.289594 3.141570 152.580569
8000000000 2 3.141583 338.657624 3.141586 174.393052
9000000000 2 3.141590 381.007928 3.141594 196.179093
10000000000 2 3.141592 423.508105 3.141589 217.954552
#
